[[2.36353078e+01 2.34783373e+01 1.25060243e+01 1.99481939e+01
  2.10584398e+01]
 [1.63022359e+01 1.33530897e+01 2.67925508e+01 3.16464423e+00
  4.34276179e-01]
 [2.53624284e+01 2.12771097e+01 1.60001372e+01 1.33619260e+01
  2.13184536e+01]
 [6.72497946e+00 9.16370976e+00 5.85406381e+00 6.86022994e+00
  6.34518303e+00]
 [2.11600543e+01 2.20843505e+01 1.44866823e+01 5.97523705e+00
  1.07660861e+01]
 [5.97232724e+00 1.34500349e+00 8.14805153e+00 1.55878194e+01
  8.65228074e+00]
 [2.38424530e+01 4.22432905e+00 9.89539570e+00 4.09687799e+00
  7.12003954e+00]
 [1.08226654e+01 1.57410480e-01 2.32896723e+01 1.32112370e+01
  4.60746287e-01]
 [1.60609715e+00 6.52831618e+00 2.19364508e+00 2.46823316e+01
  9.57401734e+00]
 [1.73902978e+00 1.18229311e+01 2.16749247e+01 1.77070174e+00
  2.06994672e+01]
 [1.99130046e+01 1.50334579e+01 1.25484505e+01 1.71896312e+00
  5.82007943e+00]
 [2.53259381e+01 1.86501567e+00 7.88309323e+00 2.40780780e+01
  2.11511375e+01]
 [9.94263501e+00 3.01969387e+00 1.19442729e+01 2.67320926e+01
  1.22875002e+01]
 [7.55942127e+00 8.97159068e+00 5.72609926e+00 2.11417280e+01
  8.10589456e+00]
 [4.67549796e+00 2.04815606e+01 3.64871950e-01 2.18871265e+01
  1.93603060e+01]
 [3.05067649e+00 2.29610561e+01 2.25867728e+01 1.47923649e+01
  3.23121188e+00]
 [2.43484701e-01 2.24347789e+01 1.62479447e+01 2.51039538e+01
  2.48137774e+01]
 [2.48056956e+01 1.34220819e+01 5.70914920e+00 6.75255869e+00
  8.91873286e+00]
 [1.21824993e+00 2.54133942e+01 2.04536864e+01 7.77807431e+00
  1.80198958e+01]
 [1.62572751e+01 8.68917799e+00 2.16926944e+01 2.42296857e+01
  5.60907008e+00]
 [1.23572354e+01 4.83176482e+00 2.31134072e+01 9.47725223e+00
  1.32911524e+01]
 [1.89405719e+01 2.33452917e+00 2.46122483e+01 1.66979289e+01
  1.80591448e+01]
 [7.57671927e+00 3.45499813e+00 1.19335487e+01 2.33371709e+01
  1.33066735e+01]
 [2.83389655e+00 1.93214451e+01 5.35928019e+00 2.33121466e+01
  8.93906536e+00]
 [2.48526757e+01 2.31931380e+00 5.09058674e+00 8.17994743e+00
  1.79166170e+01]
 [1.63061466e+01 2.23941496e-02 1.14493315e+01 1.46367279e+01
  1.22228493e+01]
 [2.36015649e+01 7.53137012e+00 1.13917803e+01 1.86321011e+01
  8.80349934e+00]
 [8.22037940e+00 1.06928606e+01 1.36295057e+01 4.24497326e+00
  9.65472812e+00]
 [1.49860148e+01 2.14144658e+01 1.41881901e+01 2.63088714e+01
  2.58912795e+01]
 [6.25787645e+00 1.93458358e+01 2.64668688e+01 1.32114212e+01
  2.62679606e+01]
 [1.82456154e+01 2.71871837e+00 8.26668680e+00 8.03390214e+00
  5.65489620e+00]
 [5.81514998e+00 9.66920992e+00 1.49144615e+01 1.61054429e+01
  2.05442171e+01]
 [1.31671820e+00 1.23531302e+01 4.61980505e+00 2.00756574e+01
  8.70483830e+00]
 [1.93866049e+01 2.24196555e+01 2.59244839e+00 3.71986011e+00
  2.08156881e+01]
 [2.45256129e+01 1.69714807e+01 2.88351897e+00 2.46876552e+01
  7.23676585e+00]
 [4.32932555e+00 1.10226630e+01 2.34062526e+01 1.70308137e+01
  3.34477173e+00]
 [1.07851278e+01 1.83460926e+01 2.58677725e+00 1.99256921e+01
  1.65465776e+01]
 [1.58841480e+01 2.66100733e+01 1.73343149e+01 2.21541709e+01
  1.12183297e+01]
 [6.18648256e+00 1.00886282e+01 2.01925495e+01 2.01349597e+01
  2.19325066e+01]
 [2.16641791e+01 6.93361747e+00 6.53274639e+00 2.01802477e+01
  2.21239161e+01]
 [1.09618899e+01 3.06672805e+00 1.15961295e+01 2.67476812e+00
  1.12883815e+00]
 [7.11835670e+00 3.64406053e-01 1.37611825e+01 2.09666995e+01
  2.02586315e+01]
 [1.24036372e+00 1.86851826e+01 2.38799209e+01 7.37445180e-01
  2.23277135e+01]
 [2.68024000e+01 2.25512018e+01 1.53048444e+01 2.07683253e+01
  8.55851453e+00]
 [8.32172324e+00 5.72985584e+00 1.74113126e+01 1.07282996e+01
  1.37758760e+01]
 [1.19681741e+01 1.13178102e+01 2.41928252e+01 2.16855420e+01
  4.91043884e+00]
 [2.92672118e+00 2.48445631e+01 1.26476667e+01 2.84869349e+00
  1.47806134e+01]
 [2.43936391e+01 1.38032541e+01 3.72069892e+00 6.56999468e+00
  2.39982861e+01]
 [7.24516484e-02 1.20882892e+01 2.32416898e+01 2.65547485e+01
  1.96009829e+01]
 [1.73434545e+01 1.69861768e+01 2.52801110e+01 1.50167231e+01
  2.29128989e+01]
 [2.20654455e+01 8.47750732e+00 6.99676005e+00 2.01118351e+01
  2.09060907e+01]
 [1.07381545e+00 1.90353338e+01 8.89162709e+00 1.39380881e+01
  1.43408423e+01]
 [2.30493248e+01 1.15147140e+01 1.94753075e+01 1.60069892e+01
  1.98962608e+01]
 [2.19463741e+01 4.26497288e+00 2.68794843e+01 5.56288456e+00
  1.10064787e+01]
 [3.42968929e+00 2.69857347e+01 2.63905799e+01 2.46053669e+01
  1.47373474e+01]
 [2.52262327e+01 2.95215721e+00 2.29806780e+01 2.19631602e+01
  3.43351692e+00]
 [2.15041442e+01 1.13333215e+01 1.77919878e+01 1.48435984e+01
  1.52440002e+01]
 [1.30452992e+01 2.61244975e+01 3.55177551e+00 6.89419987e+00
  2.60058656e+01]
 [1.99561810e+01 1.10953703e+01 1.30708734e+01 7.01366785e-01
  2.58775163e+01]
 [7.86604040e+00 6.56602382e+00 2.67568964e+01 1.14854352e+01
  1.13772046e+01]
 [1.31185427e+01 4.34745952e+00 8.24705864e+00 2.28008067e+00
  1.55022567e+01]
 [1.56367578e+00 7.12441389e+00 1.95092503e+01 3.84820322e-01
  2.53504597e+01]
 [2.61068103e+01 2.61141084e+01 1.60056760e+01 2.41302460e+01
  3.53576457e+00]
 [6.99703342e+00 1.39227520e+01 3.61884499e+00 4.32119449e+00
  1.07622614e+01]
 [1.30030516e+01 1.86647024e+01 2.03810439e+01 9.98953407e+00
  7.93963810e+00]
 [2.44417862e+01 4.27034964e+00 1.71467179e+01 2.67665475e+01
  2.43438861e+01]
 [1.94933259e+01 3.05274502e+00 2.14808168e+01 2.67651821e+01
  1.65481500e+01]
 [1.26067393e+01 8.88916135e+00 2.31184505e+01 9.61170183e+00
  7.17196717e+00]
 [2.66486315e+00 8.14180529e+00 2.52857970e+01 4.93347814e+00
  2.68261619e+01]
 [1.85950603e+01 2.01428468e+01 1.02712682e+01 4.27698658e+00
  8.57393350e+00]
 [1.65644796e+00 1.47168808e+00 1.31968856e+00 1.66256489e+01
  2.10808083e+00]
 [5.38755067e+00 2.22533977e+01 2.50920229e+01 2.35944694e+01
  1.34546376e+00]
 [1.42164332e+01 1.87132157e+01 2.58784835e+01 1.16505031e+01
  5.06839465e+00]
 [3.92766893e+00 1.04921173e+00 9.43257242e+00 2.19359988e+01
  1.20880652e+01]
 [3.83550132e+00 1.40754619e+01 8.26017218e+00 3.55035353e+00
  1.36458232e+01]
 [1.38085201e+01 1.04221212e+01 1.15718571e+01 2.12320278e+01
  9.59513650e+00]
 [2.56257358e+01 9.31667302e+00 2.62987702e+01 4.60449905e+00
  4.90426213e+00]
 [1.50918178e+01 4.66136675e+00 8.95421582e+00 2.05762914e+01
  2.35666333e+01]
 [1.63129757e+01 4.80560518e+00 1.89156282e+01 1.14439201e+01
  1.58708737e+01]
 [2.63053617e+01 1.52717100e+01 1.44588632e+01 1.75059469e+01
  1.03820444e+01]
 [2.59294112e+01 1.09247092e+01 1.86478536e+01 1.75732627e+01
  2.58714703e+01]
 [1.69647613e+01 7.18849399e+00 4.66841703e+00 1.31548566e+01
  1.99309196e+01]
 [4.17549735e+00 1.88797451e+01 2.57666223e+00 7.17900665e+00
  1.86895676e+01]
 [3.46283775e+00 1.90520712e+01 6.83803334e-01 4.88222964e+00
  1.77750317e+00]
 [2.47727974e+01 1.44697896e+01 2.37416095e+01 2.12564157e+00
  2.28242800e+00]
 [2.66076809e+01 1.95093198e+01 1.99012642e+01 2.37445125e+01
  1.31737175e+00]
 [1.49649260e+01 1.60188238e+01 2.81089197e+00 2.57460226e+01
  1.12032693e+00]
 [5.59653464e+00 1.45810671e+01 1.47182897e+01 3.80500056e-01
  2.39466857e+01]
 [2.46705223e+01 2.15067710e+01 1.61858594e+01 3.33043506e+00
  2.68111086e+01]
 [4.06692544e+00 1.07136464e+00 1.40070847e+01 4.44634803e-01
  1.10437589e+01]
 [2.08715997e+01 1.35055251e+01 2.99201434e+00 6.48298721e+00
  2.58928803e-01]
 [2.43811863e+01 1.26779029e+01 2.06840576e+00 2.42898005e+01
  3.38168472e+00]
 [1.39351670e+01 1.37743807e+01 5.84208722e+00 1.35865063e+01
  1.38805943e+01]
 [8.20200940e+00 1.69291033e+01 1.28464236e+01 2.56343440e+01
  5.43113674e+00]
 [1.17113733e+01 1.48414386e+01 1.51163194e+01 1.50899998e+01
  1.50532681e+01]
 [2.26822261e+01 2.74753953e+00 1.24264484e+01 1.30304138e+01
  6.92469588e-01]
 [5.54150670e+00 2.99216912e+00 5.21154072e+00 5.04769211e+00
  7.94615256e+00]
 [2.41478290e+01 2.18944724e+01 7.77866962e+00 1.63139243e+01
  8.06222583e+00]
 [2.59406158e+01 2.19022721e+01 1.84978987e+01 5.19583032e-01
  2.16324670e+00]
 [2.12538203e+01 4.17742047e+00 1.18513761e+01 1.71813455e+01
  1.15804995e+01]
 [1.14979637e-01 2.32904715e+01 6.53013911e+00 1.41341338e+01
  1.83501507e+01]
 [4.46959093e+00 4.01390157e+00 2.11573994e+01 1.73312414e+01
  1.79138520e+01]
 [1.18966562e+01 2.19375790e+01 1.12628966e+01 1.06409041e+01
  1.43002263e+01]
 [8.25641544e+00 2.25636100e+01 7.05719423e+00 1.23966794e+01
  2.67470551e+01]
 [1.42181028e+01 7.10340759e+00 7.27171363e+00 2.36301764e+01
  2.34160888e+01]
 [6.59489255e+00 1.79708839e+01 6.06418767e-01 2.11109661e-01
  1.40726632e+01]
 [1.15688569e+01 2.14539908e+01 2.34762675e+01 2.49831328e+01
  1.95568734e+01]
 [2.49542730e+01 9.32800926e+00 1.29533352e+01 2.10852329e+01
  2.49212454e+00]
 [1.69505433e+01 1.99919059e+01 9.51479317e+00 4.25830793e+00
  1.25006318e+01]
 [1.00239561e+01 2.61937920e+01 1.54542919e+01 1.79026495e+01
  3.33341606e+00]
 [1.89248231e+00 1.73725909e+01 1.28613289e+01 2.06583230e+01
  1.61078745e+01]
 [4.03382050e+00 1.33328534e+01 2.58676064e+01 1.47675870e+01
  7.08285951e+00]
 [2.99921861e-01 1.81993072e+01 2.28981856e+01 5.74863185e+00
  1.95417593e+01]
 [1.54920029e+01 1.61940827e+01 5.98391514e+00 5.55016311e+00
  7.83467486e+00]
 [2.66179793e+01 1.87060614e+01 1.11349100e+01 8.91440653e+00
  5.27077187e+00]
 [2.37327984e+01 2.19588507e+01 1.71377896e+01 1.03899890e+01
  3.00860398e-01]
 [2.06428631e+01 1.08732048e+01 2.66036812e+01 3.09463310e+00
  2.29546876e+01]
 [4.02955098e+00 9.19575526e+00 6.66178988e+00 2.41787235e+01
  2.06198058e+01]
 [1.05691758e+01 1.13397128e+00 2.52356578e+01 2.48539453e+01
  2.24936113e+01]
 [7.50123883e+00 1.79532062e+01 1.26273121e+01 3.27521372e+00
  1.24541829e+01]
 [8.12615692e+00 1.23193117e+01 2.56613394e+01 2.07527771e+01
  2.57320403e+01]
 [4.06845743e+00 1.17736974e+01 2.39524418e+01 2.63863210e+01
  1.87707627e+01]
 [2.31649736e+01 8.33455141e+00 4.64210794e+00 9.99549660e+00
  2.03666519e+01]
 [2.66879316e+00 9.80651718e+00 1.67289306e+01 1.61233589e+00
  2.01778820e+01]
 [2.69344078e+01 2.44338543e+01 8.10663938e+00 1.05692649e+01
  9.71438041e+00]
 [2.04239601e+01 2.29172207e+01 7.03736355e+00 1.41665341e+01
  1.45950371e+01]
 [2.38761350e+01 1.73652126e+01 1.53816521e+01 2.17018957e+01
  5.05350958e+00]
 [7.05455799e+00 2.02588294e+01 1.68361569e+01 1.81032558e+01
  1.20877582e+01]
 [7.68119733e+00 2.52864553e+01 8.26083346e+00 7.13243757e+00
  2.40417096e+01]
 [1.38525262e+01 1.01420461e+01 4.09010513e+00 1.00877539e+01
  3.26202277e+00]
 [4.42886164e+00 2.22194384e+01 2.41779516e+01 2.23826870e+01
  5.16407055e+00]
 [1.39647831e+01 2.12666543e+01 2.23035842e+01 3.23148137e+00
  1.39434929e+01]
 [6.32671393e-01 3.43756353e+00 1.92551704e+01 1.56042697e+01
  2.32938390e+01]
 [7.03669375e+00 6.39565349e+00 1.19940094e+01 8.90660428e+00
  1.80101091e-01]
 [1.10713078e+01 4.90061997e+00 2.13142431e+01 1.24505139e+01
  1.25255399e+01]
 [9.76777566e+00 8.02349078e+00 8.89326678e+00 2.60066107e+01
  3.73302414e+00]
 [2.41483760e+00 2.69981007e+01 2.20603750e+01 1.63715067e+01
  1.74227450e+01]
 [3.33853355e+00 2.52141377e+01 2.34582357e+01 1.95647793e+01
  8.43464067e+00]
 [2.49408068e+01 1.29995956e+01 5.42708961e+00 7.82057017e+00
  2.48041770e+01]
 [6.11407413e+00 2.27533566e+01 1.30991787e+01 2.21886636e+01
  1.82321637e+01]
 [9.57281449e-01 1.99579330e+01 2.66377749e+01 3.93890249e+00
  2.27845934e+01]
 [1.19537152e+01 9.58144419e-01 1.42769243e+01 8.34583071e+00
  3.46645380e+00]
 [1.38570383e+00 4.11516876e+00 1.46620390e+01 2.20595801e+01
  2.53320946e+01]
 [5.82497858e+00 9.89584254e+00 1.89198663e+01 1.29485201e+01
  2.01742118e+01]
 [1.60245348e+01 1.54594505e+01 2.25739860e+01 2.65912542e+01
  5.91737216e+00]
 [9.84340574e-01 1.78377203e+01 2.24432008e+01 2.63328855e+01
  1.79177659e+01]
 [1.40356844e+01 1.62769360e+01 5.72460533e+00 1.91442594e+01
  1.93475006e+01]
 [2.63657782e+01 2.50704403e+00 1.82360344e+01 1.47353805e+01
  1.61620655e+01]
 [5.28207988e+00 1.87801987e+01 2.19478418e+01 2.21995616e+01
  1.78365338e+01]
 [5.69302973e+00 2.36427943e+01 2.47237974e+01 2.15956477e+01
  1.92590674e+01]]